Tilesys,1504,480,66,0,33,33,0,1,1,4294967295
Tilesys,1472,480,66,0,33,33,0,1,1,4294967295
Tilesys,1440,480,66,0,33,33,0,1,1,4294967295
Tilesys,1408,480,66,0,33,33,0,1,1,4294967295
Tilesys,1376,480,66,0,33,33,0,1,1,4294967295
Tilesys,1344,480,66,0,33,33,0,1,1,4294967295
Tilesys,1312,480,66,0,33,33,0,1,1,4294967295
Tilesys,1280,480,66,0,33,33,0,1,1,4294967295
Tilesys,1248,480,66,0,33,33,0,1,1,4294967295
Tilesys,1216,480,66,0,33,33,0,1,1,4294967295
Tilesys,1184,480,66,0,33,33,0,1,1,4294967295
Tilesys,1152,480,66,0,33,33,0,1,1,4294967295
Tilesys,1120,480,66,0,33,33,0,1,1,4294967295
Tilesys,1088,480,66,0,33,33,0,1,1,4294967295
Tilesys,1056,480,66,0,33,33,0,1,1,4294967295
Tilesys,1024,480,66,0,33,33,0,1,1,4294967295
Tilesys,992,480,66,0,33,33,0,1,1,4294967295
Tilesys,960,480,66,0,33,33,0,1,1,4294967295
Tilesys,928,480,66,0,33,33,0,1,1,4294967295
Tilesys,896,480,66,0,33,33,0,1,1,4294967295
Tilesys,864,480,66,0,33,33,0,1,1,4294967295
Tilesys,832,480,66,0,33,33,0,1,1,4294967295
Tilesys,800,480,66,0,33,33,0,1,1,4294967295
Tilesys,1888,480,66,0,33,33,0,1,1,4294967295
Tilesys,1856,480,66,0,33,33,0,1,1,4294967295
Tilesys,1824,480,66,0,33,33,0,1,1,4294967295
Tilesys,1792,480,66,0,33,33,0,1,1,4294967295
Tilesys,1760,480,66,0,33,33,0,1,1,4294967295
Tilesys,1728,480,66,0,33,33,0,1,1,4294967295
Tilesys,1696,480,66,0,33,33,0,1,1,4294967295
Tilesys,1664,480,66,0,33,33,0,1,1,4294967295
Tilesys,1632,480,66,0,33,33,0,1,1,4294967295
Tilesys,1600,480,66,0,33,33,0,1,1,4294967295
Tilesys,1568,480,66,0,33,33,0,1,1,4294967295
Tilesys,1536,512,66,0,33,33,0,1,1,4294967295
Tilesys,1312,320,66,0,33,33,0,1,1,4294967295
Tilesys,1440,320,66,0,33,33,0,1,1,4294967295
Tilesys,1280,352,66,0,33,33,0,1,1,4294967295
Tilesys,1152,384,66,0,33,33,0,1,1,4294967295
Tilesys,1408,416,66,0,33,33,0,1,1,4294967295
Tilesys,1344,288,66,0,33,33,0,1,1,4294967295
Tilesys,448,224,132,0,33,33,0,1,1,4294967295
Tilesys,480,192,132,0,33,33,0,1,1,4294967295
Tilesys,512,160,132,0,33,33,0,1,1,4294967295
Tilesys,544,128,132,0,33,33,0,1,1,4294967295
Tilesys,64,32,132,0,33,33,0,1,1,4294967295
Tilesys,32,32,132,0,33,33,0,1,1,4294967295
Tilesys,32,64,132,0,33,33,0,1,1,4294967295
Tilesys,96,96,33,0,33,33,0,1,1,4294967295
Tilesys,64,64,132,0,33,33,0,1,1,4294967295
