o_exitar,640,544,000B16C7,0,1,1,4294967295,0,0
obj_wall,0,480,002E81D3,0,1,1,4294967295,0,0
obj_wall,0,512,003F641A,0,1,1,4294967295,0,0
obj_wall,0,544,002F27C4,0,1,1,4294967295,0,0
obj_wall,32,544,0017C938,0,1,1,4294967295,0,0
obj_wall,64,544,003C9940,0,1,1,4294967295,0,0
obj_wall,96,544,001EB1A8,0,1,1,4294967295,0,0
obj_wall,128,544,0016AFFF,0,1,1,4294967295,0,0
obj_wall,160,544,000DAEA8,0,1,1,4294967295,0,0
obj_wall,192,544,00235C2C,0,1,1,4294967295,0,0
obj_wall,224,544,00332D99,0,1,1,4294967295,0,0
obj_wall,256,544,003BF3B6,0,1,1,4294967295,0,0
obj_wall,288,544,003BB824,0,1,1,4294967295,0,0
obj_wall,320,544,0029A2AB,0,1,1,4294967295,0,0
obj_wall,352,544,0000B6C9,0,1,1,4294967295,0,0
obj_wall,384,544,001715DA,0,1,1,4294967295,0,0
obj_wall,416,544,001A4EC7,0,1,1,4294967295,0,0
obj_wall,448,544,002F164A,0,1,1,4294967295,0,0
obj_wall,480,544,0024FD2F,0,1,1,4294967295,0,0
obj_wall,512,544,001F8829,0,1,1,4294967295,0,0
obj_wall,544,544,002A3CD6,0,1,1,4294967295,0,0
obj_wall,576,544,0008B846,0,1,1,4294967295,0,0
obj_wall,608,544,001DA150,0,1,1,4294967295,0,0
obj_wall,672,544,00213624,0,1,1,4294967295,0,0
obj_wall,704,544,0001A434,0,1,1,4294967295,0,0
obj_wall,736,544,00193A6E,0,1,1,4294967295,0,0
obj_wall,768,544,003CCD8A,0,1,1,4294967295,0,0
obj_wall,768,512,0025A00A,0,1,1,4294967295,0,0
obj_wall,768,480,00329002,0,1,1,4294967295,0,0
obj_wall,640,544,0011DA3B,0,1,1,4294967295,0,0
obj_wall,1344,288,002ECB0B,0,1,1,4294967295,0,0
obj_wall,1312,320,00038491,0,1,1,4294967295,0,0
obj_wall,1280,352,00356497,0,1,1,4294967295,0,0
obj_wall,1152,384,001F7FA2,0,1,1,4294967295,0,0
obj_wall,1408,416,00124563,0,1,1,4294967295,0,0
obj_wall,1440,320,003F11E8,0,1,1,4294967295,0,0
obj_wall,1536,512,0022DF6F,0,1,1,4294967295,0,0
obj_wall,1888,480,000E260E,0,1,1,4294967295,0,0
obj_wall,1856,480,0029CDF9,0,1,1,4294967295,0,0
obj_wall,1824,480,002D18FE,0,1,1,4294967295,0,0
obj_wall,1792,480,0009BC29,0,1,1,4294967295,0,0
obj_wall,1760,480,00059DE5,0,1,1,4294967295,0,0
obj_wall,1728,480,000294BE,0,1,1,4294967295,0,0
obj_wall,1696,480,0027DA62,0,1,1,4294967295,0,0
obj_wall,1664,480,0006821A,0,1,1,4294967295,0,0
obj_wall,1632,480,000B7EF4,0,1,1,4294967295,0,0
obj_wall,1600,480,003EE279,0,1,1,4294967295,0,0
obj_wall,1568,480,0023D838,0,1,1,4294967295,0,0
obj_wall,1504,480,000F4D0D,0,1,1,4294967295,0,0
obj_wall,1472,480,000B4071,0,1,1,4294967295,0,0
obj_wall,1440,480,0037BF90,0,1,1,4294967295,0,0
obj_wall,1408,480,0011BA6B,0,1,1,4294967295,0,0
obj_wall,1376,480,00376BAD,0,1,1,4294967295,0,0
obj_wall,1344,480,00333FC2,0,1,1,4294967295,0,0
obj_wall,1312,480,000A58F6,0,1,1,4294967295,0,0
obj_wall,1280,480,0001FD75,0,1,1,4294967295,0,0
obj_wall,1248,480,003C826C,0,1,1,4294967295,0,0
obj_wall,1216,480,0003E2D7,0,1,1,4294967295,0,0
obj_wall,1184,480,00246A49,0,1,1,4294967295,0,0
obj_wall,1152,480,001173A2,0,1,1,4294967295,0,0
obj_wall,1120,480,0002083A,0,1,1,4294967295,0,0
obj_wall,1088,480,00043E25,0,1,1,4294967295,0,0
obj_wall,1056,480,003CD305,0,1,1,4294967295,0,0
obj_wall,1024,480,0035B28B,0,1,1,4294967295,0,0
obj_wall,992,480,002D376F,0,1,1,4294967295,0,0
obj_wall,800,480,00148493,0,1,1,4294967295,0,0
obj_wall,832,480,00361E2C,0,1,1,4294967295,0,0
obj_wall,864,480,0010987D,0,1,1,4294967295,0,0
obj_wall,896,480,002161B2,0,1,1,4294967295,0,0
obj_wall,928,480,0033C301,0,1,1,4294967295,0,0
obj_wall,960,480,0032F40E,0,1,1,4294967295,0,0
obj_wall,544,128,0003461F,0,1,1,4294967295,0,0
obj_wall,512,160,00374BB4,0,1,1,4294967295,0,0
obj_wall,480,192,0013D6CB,0,1,1,4294967295,0,0
obj_wall,448,224,0037DC35,0,1,1,4294967295,0,0
obj_wall,96,96,0003A89E,0,1,1,4294967295,0,0
obj_wall,32,32,00097A4B,0,1,1,4294967295,0,0
obj_wall,64,32,002DA0CE,0,1,1,4294967295,0,0
obj_wall,64,64,00060EE7,0,1,1,4294967295,0,0
obj_wall,32,64,000FE15A,0,1,1,4294967295,0,0
obj_wall,64,160,00108145,0,1,1,4294967295,0,0
obj_wall,960,192,000FB126,0,1,1,4294967295,0,0
obj_wall,992,128,002B6F7D,0,1,1,4294967295,0,0
o_kuppa,416,509,002431AE,0,1,1,4294967295,0,0
pokazywator,288,64,000B0F6B,0,1,1,4294967295,0,0
o_marker,64,436,003D7C9F,0,1,1,4294967295,0,0
